0 3
1 1
2 1
3 1
4 1
5 1
6 2
7 1
8 1
9 1
10 1
11 1
12 1
13 1
14 1
15 1
16 2
17 3
18 1
19 2
20 3
21 1
22 1
23 2
24 2
25 1
26 3
27 1
28 2
29 1
30 1
31 1
32 1
33 2
34 1
35 3
36 1
37 1
38 1
39 2
40 2
41 1
42 2
43 2
44 2
45 2
46 1
47 1
48 3
49 3
50 1
51 1
52 1
53 1
54 1
55 2
56 1
57 2
58 1
59 3
60 2
61 1
62 1
63 3
64 2
65 1
66 1
67 1
68 1
69 1
70 2
71 1
72 3
73 2
74 3
75 1
76 2
77 2
78 1
79 1
80 1
81 1
82 1
83 1
84 1
85 1
86 1
87 1
88 1
89 1
90 3
91 1
92 1
93 3
94 1
95 3
96 3
97 3
98 3
99 1
100 1
101 2
102 2
103 1
104 1
105 3
106 1
107 1
108 3
109 2
110 2
111 1
112 3
113 1
114 1
115 1
116 1
117 1
118 1
119 1
120 3
121 1
122 1
123 1
124 1
125 2
126 2
127 3
128 3
129 2
130 1
131 2
132 2
133 1
134 1
135 1
136 2
137 2
138 3
139 1
140 1
141 1
142 3
143 1
144 3
145 2
146 1
147 1
148 1
149 2
150 1
151 3
152 1
153 1
154 1
155 1
156 3
157 1
158 1
159 1
160 1
161 2
162 1
163 1
164 1
165 3
166 1
167 2
168 2
169 2
170 3
171 1
172 1
173 3
174 3
175 1
176 1
177 1
178 3
179 1
180 1
181 1
182 2
183 2
184 3
185 1
186 3
187 3
188 3
189 1
190 1
191 1
192 1
193 2
194 1
195 1
196 3
197 2
198 1
199 1
200 1
201 1
202 1
203 1
204 2
205 2
206 1
207 1
208 1
209 1
210 1
211 1
212 1
213 1
214 3
215 3
216 1
217 1
218 2
219 1
220 1
221 3
222 1
223 1
224 1
225 2
226 1
227 1
228 2
229 1
230 3
231 1
232 2
233 2
234 1
235 2
236 1
237 2
238 1
239 1
240 1
241 1
242 2
243 1
244 1
245 1
246 1
247 1
248 1
249 1
250 3
251 1
252 1
253 1
254 2
255 2
256 1
257 1
258 2
259 1
260 2
261 1
262 3
263 1
264 1
265 3
266 1
267 3
268 1
269 1
270 2
271 1
272 2
273 2
274 3
275 3
276 2
277 2
278 3
279 1
280 3
281 1
282 2
283 3
284 1
285 1
286 1
287 2
288 2
289 2
290 1
291 1
292 1
293 1
294 1
295 3
296 1
297 1
298 3
299 1
300 3
301 1
302 2
303 1
304 1
305 1
306 3
307 1
308 1
309 2
310 3
311 3
312 1
313 1
314 1
315 1
316 2
317 1
318 2
319 1
320 1
321 1
322 1
323 3
324 1
325 1
326 2
327 1
328 1
329 1
330 2
331 1
332 1
333 2
334 1
335 3
336 3
337 2
338 3
339 1
340 1
341 3
342 3
343 1
344 3
345 1
346 3
347 1
348 3
349 3
350 3
351 1
352 1
353 1
354 3
355 2
356 3
357 1
358 1
359 1
360 2
361 2
362 2
363 3
364 3
365 3
366 2
367 1
368 2
369 2
370 1
371 1
372 3
373 2
374 1
375 1
376 1
377 2
378 1
379 1
380 1
381 1
382 1
383 1
384 1
385 1
386 2
387 1
388 1
389 3
390 1
391 1
392 2
393 1
394 1
395 1
396 1
397 1
398 1
399 1
400 1
401 1
402 1
403 1
404 1
405 1
406 1
407 1
408 1
409 1
410 3
411 1
412 1
413 1
414 1
415 1
416 1
417 1
418 1
419 3
420 1
421 2
422 1
423 1
424 1
425 3
426 3
427 1
428 1
429 2
430 1
431 3
432 1
433 1
434 1
435 1
436 3
437 1
438 1
439 3
440 2
441 3
442 1
443 2
444 1
445 2
446 1
447 1
448 1
449 3
450 1
451 2
452 3
453 3
454 2
455 1
456 1
457 2
458 1
459 1
460 1
461 2
462 3
463 1
464 3
465 2
466 3
467 3
468 2
469 1
470 1
471 3
472 1
473 1
474 1
475 2
476 1
477 3
478 1
479 1
480 3
481 2
482 1
483 1
484 1
485 1
486 2
487 2
488 3
489 3
490 1
491 1
492 2
493 1
494 1
495 1
496 3
497 1
498 3
499 2
500 1
501 1
502 1
503 1
504 1
505 1
506 3
507 1
508 1
509 2
510 1
511 2
512 1
513 2
514 2
515 2
516 1
517 2
518 3
519 1
520 1
521 1
522 1
523 1
524 3
525 1
526 1
527 1
528 3
529 2
530 1
531 1
532 2
533 1
534 1
535 1
536 1
537 3
538 1
539 1
540 2
541 1
542 1
543 3
544 1
545 1
546 1
547 1
548 1
549 1
550 2
551 1
552 1
553 3
554 1
555 2
556 1
557 1
558 1
559 1
560 1
561 1
562 2
563 1
564 2
565 1
566 3
567 1
568 1
569 1
570 2
571 1
572 1
573 1
574 1
575 3
576 1
577 2
578 1
579 1
580 3
581 1
582 1
583 1
584 3
585 2
586 1
587 1
588 3
589 3
590 2
591 1
592 1
593 1
594 1
595 2
596 2
597 1
598 1
599 1
600 1
601 1
602 1
603 1
604 2
605 2
606 1
607 1
608 1
609 3
610 1
611 2
612 1
613 3
614 2
615 1
616 2
617 2
618 1
619 2
620 1
621 1
622 1
623 1
624 1
625 2
626 1
627 3
628 3
629 1
630 1
631 1
632 3
633 1
634 3
635 1
636 1
637 1
638 1
639 2
640 1
641 1
642 1
643 1
644 1
645 1
646 3
647 1
648 2
649 2
650 1
651 2
652 2
653 1
654 3
655 2
656 1
657 1
658 2
659 1
660 1
661 1
662 1
663 1
664 1
665 1
666 1
667 1
668 1
669 2
670 2
671 1
672 1
673 2
674 1
675 1
676 2
677 3
678 1
679 1
680 1
681 2
682 1
683 1
684 2
685 1
686 2
687 1
688 1
689 2
690 1
691 1
692 1
693 1
694 1
695 3
696 1
697 1
698 1
699 2
700 1
701 1
702 1
703 1
704 2
705 2
706 3
707 1
708 1
709 1
710 2
711 2
712 1
713 1
714 3
715 3
716 1
717 1
718 1
719 3
720 3
721 2
722 3
723 1
724 1
725 2
726 1
727 1
728 1
729 1
730 1
731 1
732 1
733 2
734 2
735 1
736 3
737 2
738 1
739 1
740 1
741 2
742 2
743 1
744 3
745 1
746 2
747 1
748 1
749 1
750 1
751 1
752 2
753 2
754 1
755 3
756 1
757 1
758 3
759 2
760 1
761 3
762 3
763 2
764 1
765 2
766 2
767 1
768 2
769 1
770 1
771 1
772 1
773 1
774 1
775 2
776 1
777 1
778 2
779 1
780 1
781 1
782 3
783 1
784 1
785 3
786 1
787 2
788 2
789 1
790 3
791 1
792 2
793 2
794 2
795 1
796 1
797 1
798 1
799 1
800 1
801 1
802 1
803 1
804 1
805 2
806 1
807 2
808 1
809 1
810 1
811 2
812 3
813 2
814 1
815 1
816 1
817 2
818 1
819 1
820 2
821 2
822 1
823 1
824 1
825 2
826 3
827 1
828 2
829 1
830 1
831 1
832 1
833 1
834 1
835 2
836 1
837 2
838 1
839 1
840 1
841 1
842 1
843 1
844 3
845 1
846 1
847 2
848 1
849 1
850 2
851 1
852 1
853 1
854 1
855 1
856 1
857 2
858 3
859 1
860 1
861 2
862 2
863 1
864 2
865 1
866 1
867 1
868 1
869 2
870 3
871 1
872 2
873 1
874 2
875 1
876 1
877 2
878 2
879 1
880 2
881 3
882 2
883 3
884 1
885 1
886 1
887 1
888 1
889 2
890 1
891 1
892 3
893 1
894 1
895 1
896 1
897 1
898 1
899 1
900 1
901 1
902 2
903 1
904 1
905 1
906 1
907 3
908 1
909 1
910 1
911 3
912 1
913 1
914 2
915 1
916 2
917 1
918 1
919 1
920 1
921 1
922 1
923 1
924 1
925 2
926 1
927 3
928 1
929 2
930 1
931 1
932 1
933 1
934 3
935 1
936 1
937 1
938 1
939 1
940 1
941 2
942 1
943 3
944 2
945 1
946 1
947 1
948 1
949 1
950 3
951 1
952 1
953 1
954 1
955 2
956 1
957 2
958 1
959 1
960 2
961 2
962 2
963 1
964 1
965 1
966 1
967 2
968 2
969 1
970 3
971 3
972 2
973 2
974 1
975 3
976 3
977 1
978 1
979 1
980 2
981 2
982 1
983 1
984 2
985 1
986 2
987 1
988 3
989 1
990 1
991 1
992 1
993 2
994 2
995 3
996 3
997 1
998 1
999 2
1000 2
1001 3
1002 1
1003 1
1004 1
1005 1
1006 3
1007 1
1008 3
1009 2
1010 1
1011 1
1012 1
1013 3
1014 1
1015 3
1016 1
1017 1
1018 1
1019 1
1020 2
1021 1
1022 1
1023 1
1024 1
1025 1
1026 1
1027 2
1028 2
1029 1
1030 1
1031 1
1032 1
1033 2
1034 2
1035 1
1036 3
1037 2
1038 1
1039 2
1040 1
1041 1
1042 1
1043 3
1044 3
1045 1
1046 1
1047 3
1048 3
1049 1
1050 1
1051 2
1052 1
1053 1
1054 2
1055 2
1056 1
1057 1
1058 2
1059 3
1060 1
1061 1
1062 3
1063 2
1064 2
1065 1
1066 1
1067 1
1068 3
1069 2
1070 3
1071 1
1072 1
1073 1
1074 3
1075 1
1076 1
1077 2
1078 1
1079 1
1080 1
1081 3
1082 3
1083 1
1084 3
1085 1
1086 1
1087 1
1088 2
1089 1
1090 2
1091 1
1092 2
1093 2
1094 1
1095 1
1096 2
1097 2
1098 3
1099 2
1100 1
1101 3
1102 3
1103 2
1104 3
1105 3
1106 1
1107 1
1108 3
1109 3
1110 2
1111 2
1112 1
1113 1
1114 1
1115 1
1116 2
1117 1
1118 1
1119 1
1120 1
1121 1
1122 1
1123 1
1124 3
1125 1
1126 1
1127 1
1128 3
1129 1
1130 2
1131 1
1132 1
1133 1
1134 1
1135 2
1136 1
1137 1
1138 2
1139 1
1140 3
1141 1
1142 2
1143 2
1144 1
1145 3
1146 1
1147 1
1148 3
1149 2
1150 1
1151 1
1152 1
1153 1
1154 2
1155 1
1156 2
1157 1
1158 1
1159 1
1160 1
1161 3
1162 1
1163 1
1164 1
1165 1
1166 1
1167 1
1168 2
1169 3
1170 1
1171 1
1172 2
1173 1
1174 1
1175 1
1176 1
1177 1
1178 1
1179 1
1180 2
1181 1
1182 3
1183 3
1184 1
1185 3
1186 1
1187 1
1188 2
1189 2
1190 1
1191 1
1192 3
1193 1
1194 1
1195 1
1196 2
1197 3
1198 3
1199 2
1200 1
1201 1
1202 1
1203 1
1204 2
1205 3
1206 3
1207 2
1208 2
1209 1
1210 1
1211 1
1212 1
1213 2
1214 2
1215 1
1216 1
1217 1
1218 3
1219 3
1220 1
1221 1
1222 2
1223 1
1224 3
1225 1
1226 1
1227 1
1228 1
1229 3
1230 2
1231 1
1232 1
1233 1
1234 1
1235 1
1236 1
1237 1
1238 1
1239 2
1240 2
1241 1
1242 3
1243 1
1244 1
1245 1
1246 1
1247 1
1248 2
1249 2
1250 1
1251 1
1252 1
1253 3
1254 1
1255 1
1256 1
1257 3
1258 1
1259 1
1260 1
1261 1
1262 1
1263 1
1264 1
1265 3
1266 1
1267 1
1268 2
1269 1
1270 1
1271 1
1272 1
1273 1
1274 3
1275 1
1276 1
1277 1
1278 2
1279 2
1280 1
1281 1
1282 1
1283 1
1284 3
1285 1
1286 1
1287 3
1288 1
1289 3
1290 2
1291 2
1292 1
1293 1
1294 3
1295 1
1296 1
1297 1
1298 2
1299 1
1300 1
1301 1
1302 1
1303 3
1304 3
1305 1
1306 1
1307 2
1308 1
1309 1
1310 1
1311 1
1312 2
1313 1
1314 1
1315 1
1316 2
1317 1
1318 1
1319 1
1320 1
1321 1
1322 1
1323 1
1324 1
1325 1
1326 1
1327 1
1328 3
1329 1
1330 1
1331 3
1332 1
1333 3
1334 3
1335 2
1336 1
1337 1
1338 1
1339 1
1340 3
1341 1
1342 3
1343 1
1344 1
1345 2
1346 1
1347 1
1348 1
1349 2
1350 1
1351 2
1352 1
1353 2
1354 1
1355 1
1356 2
1357 2
1358 3
1359 1
1360 1
1361 1
1362 1
1363 1
1364 1
1365 1
1366 2
1367 1
1368 1
1369 2
1370 1
1371 2
1372 2
1373 3
1374 2
1375 2
1376 3
1377 1
1378 1
1379 2
1380 1
1381 1
1382 3
1383 2
1384 2
1385 1
1386 1
1387 3
1388 1
1389 1
1390 1
1391 2
1392 1
1393 1
1394 1
1395 1
1396 1
1397 2
1398 1
1399 1
1400 2
1401 3
1402 1
1403 1
1404 1
1405 1
1406 1
1407 1
1408 1
1409 3
1410 3
1411 3
1412 1
1413 3
1414 1
1415 3
1416 1
1417 3
1418 1
1419 1
1420 3
1421 1
1422 1
1423 1
1424 1
1425 3
1426 1
1427 1
1428 1
1429 2
1430 1
1431 1
1432 2
1433 1
1434 1
1435 1
1436 1
1437 1
1438 2
1439 1
1440 3
1441 1
1442 1
1443 1
1444 1
1445 1
1446 1
1447 2
1448 2
1449 1
1450 1
1451 1
1452 3
1453 1
1454 1
1455 2
1456 3
1457 1
1458 3
1459 1
1460 2
1461 1
1462 3
1463 1
1464 1
1465 1
1466 1
1467 1
1468 3
1469 1
1470 1
1471 1
1472 1
1473 1
1474 1
1475 1
1476 2
1477 1
1478 1
1479 1
1480 3
1481 1
1482 1
1483 1
1484 1
1485 3
1486 1
1487 1
1488 2
1489 3
1490 1
1491 1
1492 3
1493 2
1494 1
1495 3
1496 3
1497 1
1498 1
1499 2
1500 1
1501 3
1502 1
1503 1
1504 2
1505 1
1506 1
1507 1
1508 1
1509 3
1510 1
1511 2
1512 1
1513 2
1514 2
1515 1
1516 3
1517 1
1518 1
1519 1
1520 1
1521 1
1522 1
1523 2
1524 1
1525 1
1526 1
1527 1
1528 1
1529 1
1530 1
1531 1
1532 1
1533 1
1534 3
1535 1
1536 2
1537 1
1538 3
1539 1
1540 2
1541 3
1542 1
1543 3
1544 1
1545 1
1546 2
1547 1
1548 1
1549 2
1550 1
1551 1
1552 3
1553 1
1554 1
1555 3
1556 1
1557 1
1558 2
1559 1
1560 1
1561 3
1562 1
1563 1
1564 2
1565 2
1566 3
1567 3
1568 1
1569 2
1570 2
1571 1
1572 2
1573 2
1574 1
1575 1
1576 1
1577 2
1578 3
1579 3
1580 1
1581 2
1582 1
1583 1
1584 1
1585 1
1586 1
1587 2
1588 1
1589 1
1590 1
1591 2
1592 3
1593 2
1594 3
1595 2
1596 3
1597 2
1598 2
1599 2
1600 1
1601 2
1602 1
1603 1
1604 1
1605 1
1606 1
1607 1
1608 1
1609 2
1610 3
1611 3
1612 1
1613 1
1614 1
1615 1
1616 1
1617 3
1618 3
1619 3
1620 3
1621 1
1622 2
1623 1
1624 1
1625 1
1626 1
1627 2
1628 1
1629 1
1630 3
1631 1
1632 3
1633 1
1634 1
1635 1
1636 1
1637 1
1638 1
1639 2
1640 1
1641 3
1642 2
1643 1
1644 1
1645 2
1646 3
1647 1
1648 1
1649 1
1650 1
1651 1
1652 3
1653 1
1654 3
1655 2
1656 1
1657 2
1658 1
1659 1
1660 1
1661 3
1662 2
1663 1
1664 1
1665 2
1666 1
1667 1
1668 1
1669 1
1670 1
1671 1
1672 1
1673 1
1674 3
1675 1
1676 2
1677 1
1678 3
1679 3
1680 1
1681 1
1682 2
1683 1
1684 1
1685 2
1686 1
1687 1
1688 1
1689 2
1690 3
1691 3
1692 1
1693 3
1694 1
1695 1
1696 3
1697 1
1698 1
1699 1
1700 1
1701 1
1702 2
1703 1
1704 1
1705 1
1706 2
1707 2
1708 1
1709 1
1710 1
1711 3
1712 2
1713 1
1714 1
1715 1
1716 1
1717 1
1718 2
1719 1
1720 1
1721 1
1722 1
1723 2
1724 3
1725 1
1726 1
1727 2
1728 1
1729 1
1730 2
1731 1
1732 1
1733 2
1734 1
1735 2
1736 1
1737 1
1738 2
1739 1
1740 3
1741 1
1742 1
1743 1
1744 1
1745 2
1746 1
1747 1
1748 1
1749 1
1750 1
1751 1
1752 2
1753 1
1754 1
1755 1
1756 1
1757 2
1758 1
1759 1
1760 1
1761 1
1762 1
1763 2
1764 2
1765 1
1766 3
1767 1
1768 1
1769 1
1770 1
1771 1
1772 1
1773 3
1774 1
1775 1
1776 1
1777 1
1778 1
1779 1
1780 1
1781 1
1782 2
1783 1
1784 2
1785 1
1786 1
1787 1
1788 1
1789 1
1790 1
1791 2
1792 1
1793 1
1794 1
1795 1
1796 1
1797 1
1798 1
1799 1
1800 1
1801 1
1802 2
1803 1
1804 1
1805 1
1806 1
1807 3
1808 1
1809 2
1810 2
1811 1
1812 1
1813 3
1814 1
1815 1
1816 1
1817 2
1818 1
1819 1
1820 1
1821 1
1822 1
1823 1
1824 1
1825 1
1826 2
1827 2
1828 1
1829 1
1830 1
1831 1
1832 1
1833 1
1834 1
1835 2
1836 1
1837 2
1838 3
1839 3
1840 1
1841 1
1842 1
1843 1
1844 1
1845 1
1846 1
1847 2
1848 1
1849 1
1850 1
1851 1
1852 1
1853 2
1854 1
1855 1
1856 3
1857 2
1858 1
1859 2
1860 1
1861 1
1862 1
1863 3
1864 1
1865 2
1866 3
1867 1
1868 1
1869 3
1870 2
1871 1
1872 3
1873 3
1874 3
1875 1
1876 3
1877 2
1878 1
1879 3
1880 2
1881 2
1882 1
1883 3
1884 1
1885 1
1886 1
1887 3
1888 1
1889 1
1890 1
1891 3
1892 1
1893 2
1894 3
1895 1
1896 1
1897 1
1898 3
1899 1
1900 2
1901 2
1902 1
1903 1
1904 2
1905 1
1906 1
1907 2
1908 1
1909 1
1910 1
1911 1
1912 1
1913 2
1914 1
1915 1
1916 1
1917 1
1918 1
1919 3
1920 1
1921 1
1922 3
1923 2
1924 1
1925 3
1926 1
1927 2
1928 2
1929 1
1930 1
1931 3
1932 1
1933 1
1934 1
1935 1
1936 2
1937 1
1938 1
1939 2
1940 1
1941 1
1942 1
1943 1
1944 1
1945 1
1946 1
1947 1
1948 2
1949 1
1950 1
1951 1
1952 2
1953 1
1954 2
1955 1
1956 1
1957 1
1958 1
1959 1
1960 1
1961 2
1962 3
1963 3
1964 1
1965 1
1966 1
1967 1
1968 1
1969 1
1970 2
1971 3
1972 1
1973 1
1974 3
1975 1
1976 1
1977 2
1978 1
1979 2
1980 3
1981 1
1982 1
1983 2
1984 1
1985 2
1986 1
1987 2
1988 1
1989 1
1990 1
1991 1
1992 1
1993 1
1994 1
1995 2
1996 2
1997 3
1998 2
1999 1
2000 1
2001 1
2002 1
2003 1
2004 2
2005 1
2006 3
2007 1
2008 2
2009 1
2010 1
2011 2
2012 1
2013 2
2014 1
2015 3
2016 1
2017 1
2018 1
2019 1
2020 1
2021 3
2022 1
2023 1
2024 1
2025 2
2026 1
2027 1
2028 3
2029 1
2030 1
2031 1
2032 3
2033 1
2034 3
2035 1
2036 2
2037 2
2038 1
2039 2
2040 1
2041 3
2042 2
2043 1
2044 1
2045 1
2046 1
2047 1
2048 1
2049 1
2050 1
2051 1
2052 1
2053 1
2054 1
2055 3
2056 1
2057 1
2058 2
2059 1
2060 1
2061 2
2062 3
2063 3
2064 1
2065 1
2066 1
2067 1
2068 1
2069 1
2070 1
2071 1
2072 1
2073 1
2074 1
2075 1
2076 1
2077 1
2078 1
2079 1
2080 1
2081 2
2082 1
2083 1
2084 2
2085 3
2086 1
2087 1
2088 1
2089 1
2090 1
2091 1
2092 1
2093 1
2094 1
2095 1
2096 2
2097 3
2098 2
2099 1
2100 1
2101 1
2102 1
2103 1
2104 1
2105 1
2106 2
2107 1
2108 1
2109 1
2110 1
2111 1
2112 1
2113 2
2114 2
2115 3
2116 1
2117 3
2118 2
2119 2
2120 1
2121 1
2122 1
2123 2
2124 2
2125 1
2126 3
2127 1
2128 3
2129 2
2130 2
2131 1
2132 1
2133 2
2134 1
2135 2
2136 1
2137 1
2138 2
2139 2
2140 1
2141 1
2142 1
2143 1
2144 1
2145 2
2146 3
2147 1
2148 1
2149 1
2150 2
2151 3
2152 1
2153 1
2154 1
2155 2
2156 3
2157 1
2158 1
2159 2
2160 1
2161 1
2162 2
2163 3
2164 1
2165 2
2166 1
2167 2
2168 1
2169 1
2170 2
2171 2
2172 1
2173 1
2174 1
2175 2
2176 3
2177 1
2178 1
2179 3
2180 1
2181 1
2182 3
2183 1
2184 2
2185 1
2186 3
2187 3
2188 1
2189 2
2190 1
2191 2
2192 3
2193 1
2194 1
2195 1
2196 2
2197 1
2198 2
2199 3
2200 1
2201 2
2202 3
2203 2
2204 2
2205 3
2206 1
2207 1
2208 3
2209 3
2210 1
2211 1
2212 1
2213 2
2214 1
2215 1
2216 3
2217 3
2218 1
2219 1
2220 1
2221 2
2222 1
2223 1
2224 1
2225 1
2226 1
2227 3
2228 2
2229 1
2230 1
2231 2
2232 1
2233 1
2234 1
2235 1
2236 1
2237 2
2238 1
2239 1
2240 1
2241 1
2242 1
2243 2
2244 1
2245 3
2246 1
2247 1
2248 1
2249 1
2250 1
2251 1
2252 2
2253 3
2254 1
2255 3
2256 1
2257 1
2258 1
2259 1
2260 2
2261 3
2262 1
2263 1
2264 2
2265 3
2266 1
2267 3
2268 1
2269 2
2270 1
2271 1
2272 1
2273 1
2274 1
2275 2
2276 1
2277 1
2278 1
2279 2
2280 1
2281 3
2282 1
2283 1
2284 1
2285 1
2286 1
2287 1
2288 1
2289 2
2290 3
2291 2
2292 1
2293 1
2294 1
2295 1
2296 1
2297 1
2298 2
2299 1
2300 1
2301 1
2302 1
2303 3
2304 1
2305 1
2306 2
2307 3
2308 3
2309 3
2310 3
2311 3
2312 2
2313 2
2314 3
2315 1
2316 3
2317 1
2318 1
2319 1
2320 2
2321 2
2322 1
2323 1
2324 2
2325 2
2326 1
2327 2
2328 1
2329 1
2330 3
2331 2
2332 1
2333 1
2334 1
2335 1
2336 1
2337 3
2338 2
2339 3
2340 1
2341 1
2342 1
2343 1
2344 1
2345 1
2346 3
2347 1
2348 3
2349 3
2350 1
2351 1
2352 1
2353 1
2354 1
2355 3
2356 1
2357 2
2358 1
2359 1
2360 1
2361 3
2362 1
2363 1
2364 1
2365 3
2366 1
2367 1
2368 3
2369 1
2370 2
2371 3
2372 1
2373 3
2374 1
2375 1
2376 1
2377 1
2378 2
2379 1
2380 2
2381 1
2382 1
2383 1
2384 1
2385 1
2386 1
2387 3
2388 1
2389 3
2390 1
2391 2
2392 1
2393 2
2394 2
2395 1
2396 1
2397 2
2398 1
2399 1
2400 1
2401 1
2402 1
2403 1
2404 1
2405 2
2406 1
2407 1
2408 3
2409 1
2410 1
2411 1
2412 1
2413 1
2414 2
2415 3
2416 2
2417 2
2418 2
2419 1
2420 1
2421 2
2422 2
2423 2
2424 3
2425 1
2426 1
2427 2
2428 3
2429 1
2430 1
2431 3
2432 1
2433 1
2434 1
2435 2
2436 1
2437 1
2438 1
2439 1
2440 2
2441 1
2442 2
2443 1
2444 1
2445 1
2446 2
2447 1
2448 1
2449 2
2450 1
2451 1
2452 3
2453 1
2454 3
2455 1
2456 1
2457 3
2458 1
2459 2
2460 1
2461 1
2462 1
2463 3
2464 1
2465 1
2466 1
2467 1
2468 2
2469 1
2470 1
2471 3
2472 1
2473 2
2474 2
2475 1
2476 1
2477 1
2478 1
2479 1
2480 1
2481 1
2482 1
2483 2
2484 3
2485 3
2486 2
2487 1
2488 3
2489 2
2490 3
2491 2
2492 1
2493 1
2494 1
2495 3
2496 2
2497 1
2498 1
2499 3
2500 2
2501 3
2502 2
2503 3
2504 1
2505 2
2506 2
2507 1
2508 1
2509 2
2510 3
2511 1
2512 1
2513 1
2514 1
2515 2
2516 1
2517 1
2518 2
2519 1
2520 1
2521 2
2522 1
2523 2
2524 1
2525 3
2526 2
2527 2
2528 1
2529 1
2530 1
2531 2
2532 2
2533 1
2534 1
2535 2
2536 1
2537 1
2538 2
2539 2
2540 2
2541 3
2542 1
2543 1
2544 2
2545 3
2546 1
2547 1
2548 2
2549 1
2550 1
2551 1
2552 1
2553 1
2554 3
2555 2
2556 1
2557 2
2558 2
2559 1
2560 1
2561 1
2562 1
2563 2
2564 2
2565 1
2566 1
2567 1
2568 1
2569 2
2570 3
2571 1
2572 1
2573 1
2574 1
2575 2
2576 1
2577 1
2578 3
2579 1
2580 1
2581 3
2582 2
2583 2
2584 1
2585 1
2586 1
2587 1
2588 1
2589 1
2590 2
2591 1
2592 2
2593 1
2594 1
2595 1
2596 1
2597 1
2598 2
2599 1
2600 1
2601 1
2602 1
2603 1
2604 1
2605 1
2606 1
2607 2
2608 1
2609 1
2610 2
2611 3
2612 1
2613 2
2614 3
2615 2
2616 1
2617 3
2618 2
2619 3
2620 3
2621 1
2622 1
2623 1
2624 3
2625 1
2626 1
2627 2
2628 3
2629 1
2630 1
2631 1
2632 2
2633 2
2634 1
2635 2
2636 1
2637 1
2638 2
2639 1
2640 1
2641 2
2642 1
2643 1
2644 1
2645 1
2646 1
2647 3
2648 1
2649 2
2650 1
2651 2
2652 2
2653 1
2654 1
2655 2
2656 1
2657 1
2658 1
2659 3
2660 2
2661 2
2662 3
2663 3
2664 3
2665 1
2666 1
2667 1
2668 2
2669 1
2670 2
2671 2
2672 2
2673 1
2674 1
2675 1
2676 2
2677 1
2678 1
2679 1
2680 1
2681 1
2682 2
2683 3
2684 1
2685 1
2686 1
2687 3
2688 2
2689 3
2690 1
2691 1
2692 1
2693 3
2694 3
2695 3
2696 1
2697 1
2698 3
2699 1
2700 2
2701 2
2702 1
2703 1
2704 3
2705 1
2706 1
2707 1
2708 1
2709 1
2710 1
2711 3
2712 1
2713 3
2714 3
2715 2
2716 3
2717 3
2718 1
2719 2
2720 1
2721 1
2722 1
2723 1
2724 1
2725 1
2726 1
2727 1
2728 1
2729 1
2730 1
2731 1
2732 1
2733 1
2734 1
2735 2
2736 2
2737 1
2738 1
2739 1
2740 1
2741 1
2742 1
2743 2
2744 1
2745 3
2746 1
2747 1
2748 2
2749 3
2750 1
2751 2
2752 3
2753 2
2754 1
2755 2
2756 1
2757 1
2758 1
2759 2
2760 1
2761 1
2762 3
2763 1
2764 2
2765 3
2766 3
2767 1
2768 1
2769 1
2770 3
2771 2
2772 1
2773 1
2774 1
2775 1
2776 1
2777 3
2778 1
2779 1
2780 1
2781 3
2782 2
2783 1
2784 1
2785 3
2786 1
2787 3
2788 1
2789 1
2790 3
2791 1
2792 3
2793 2
2794 1
2795 2
2796 1
2797 1
2798 1
2799 1
2800 1
2801 1
2802 1
2803 1
2804 1
2805 3
2806 2
2807 1
2808 2
2809 1
2810 1
2811 1
2812 2
2813 3
2814 2
2815 1
2816 3
2817 3
2818 1
2819 3
2820 1
2821 2
2822 1
2823 1
2824 1
2825 1
2826 1
2827 3
2828 3
2829 1
2830 1
2831 1
2832 1
2833 1
2834 2
2835 1
2836 3
2837 3
2838 2
2839 1
2840 3
2841 1
2842 3
2843 1
2844 1
2845 2
2846 1
2847 2
2848 3
2849 1
2850 1
2851 1
2852 1
2853 1
2854 3
2855 1
2856 3
2857 1
2858 1
2859 1
2860 2
2861 1
2862 1
2863 3
2864 1
2865 1
2866 1
2867 2
2868 1
2869 2
2870 1
2871 1
2872 1
2873 1
2874 3
2875 1
2876 1
2877 1
2878 2
2879 2
2880 2
2881 3
2882 1
2883 1
2884 1
2885 1
2886 1
2887 2
2888 1
2889 3
2890 1
2891 1
2892 1
2893 1
2894 1
2895 1
2896 1
2897 1
2898 1
2899 1
2900 1
2901 1
2902 1
2903 2
2904 3
2905 2
2906 1
2907 1
2908 2
2909 1
2910 1
2911 1
2912 1
2913 1
2914 1
2915 1
2916 2
2917 2
2918 1
2919 1
2920 1
2921 3
2922 1
2923 1
2924 1
2925 1
2926 1
2927 2
2928 1
2929 1
2930 1
2931 3
2932 1
2933 1
2934 1
2935 1
2936 1
2937 1
2938 1
2939 3
2940 1
2941 2
2942 1
2943 1
2944 1
2945 1
2946 1
2947 1
2948 1
2949 1
2950 2
2951 1
2952 1
2953 1
2954 1
2955 1
2956 3
2957 1
2958 1
2959 1
2960 1
2961 1
2962 1
2963 1
2964 1
2965 1
2966 1
2967 2
2968 3
2969 3
2970 1
2971 1
2972 2
2973 3
2974 1
2975 1
2976 2
2977 1
2978 1
2979 1
2980 1
2981 3
2982 1
2983 1
2984 1
2985 1
2986 3
2987 1
2988 2
2989 1
2990 1
2991 1
2992 1
2993 1
2994 1
2995 1
2996 1
2997 1
2998 2
2999 1
3000 3
3001 1
3002 1
3003 2
3004 2
3005 2
3006 1
3007 1
3008 1
3009 1
3010 3
3011 2
3012 1
3013 1
3014 3
3015 1
3016 2
3017 3
3018 1
3019 1
3020 3
3021 1
3022 1
3023 1
3024 1
3025 1
3026 2
3027 1
3028 1
3029 1
3030 1
3031 2
3032 1
3033 1
3034 1
3035 1
3036 1
3037 1
3038 2
3039 1
3040 1
3041 1
3042 3
3043 3
3044 3
3045 1
3046 3
3047 1
3048 3
3049 1
3050 1
3051 2
3052 1
3053 2
3054 1
3055 3
3056 2
3057 1
3058 1
3059 1
3060 3
3061 3
3062 2
3063 1
3064 1
3065 2
3066 2
3067 2
3068 1
3069 1
3070 1
3071 1
3072 2
3073 2
3074 1
3075 1
3076 1
3077 3
3078 1
3079 1
3080 1
3081 1
3082 1
3083 2
3084 1
3085 3
3086 1
3087 1
3088 2
3089 1
3090 1
3091 1
3092 1
3093 1
3094 1
3095 1
3096 1
3097 2
3098 1
3099 2
3100 1
3101 1
3102 3
3103 3
3104 1
3105 1
3106 1
3107 1
3108 1
3109 1
3110 1
3111 1
3112 1
3113 1
3114 2
3115 1
3116 1
3117 1
3118 1
3119 2
3120 1
3121 1
3122 2
3123 1
3124 1
3125 1
3126 1
3127 1
3128 2
3129 1
3130 1
3131 1
3132 3
3133 2
3134 1
3135 1
3136 1
3137 1
3138 2
3139 1
3140 1
3141 1
3142 1
3143 1
3144 1
3145 1
3146 2
3147 1
3148 1
3149 1
3150 3
3151 1
3152 1
3153 1
3154 1
3155 3
3156 2
3157 1
3158 3
3159 1
3160 2
3161 1
3162 1
3163 1
3164 1
3165 1
3166 1
3167 3
3168 1
3169 3
3170 1
3171 1
3172 1
3173 1
3174 1
3175 1
3176 3
3177 3
3178 3
3179 1
3180 1
3181 3
3182 1
3183 1
3184 1
3185 1
3186 1
3187 1
3188 1
3189 2
3190 3
3191 1
3192 2
3193 1
3194 1
3195 3
3196 1
3197 1
3198 1
3199 1
3200 1
3201 1
3202 3
3203 1
3204 1
3205 1
3206 1
3207 1
3208 3
3209 3
3210 3
3211 1
3212 3
3213 1
3214 3
3215 1
3216 1
3217 3
3218 1
3219 3
3220 3
3221 1
3222 1
3223 1
3224 3
3225 2
3226 1
3227 1
3228 1
3229 1
3230 1
3231 1
3232 2
3233 1
3234 2
3235 1
3236 3
3237 2
3238 2
3239 1
3240 1
3241 2
3242 2
3243 3
3244 2
3245 1
3246 1
3247 1
3248 1
3249 1
3250 1
3251 1
3252 1
3253 1
3254 3
3255 1
3256 1
3257 3
3258 2
3259 2
3260 1
3261 1
3262 1
3263 1
3264 1
3265 2
3266 1
3267 1
3268 1
3269 3
3270 1
3271 1
3272 1
3273 2
3274 1
3275 1
3276 1
3277 3
3278 1
3279 2
3280 1
3281 2
3282 2
3283 1
3284 3
3285 1
3286 1
3287 1
3288 1
3289 3
3290 1
3291 2
3292 1
3293 1
3294 1
3295 1
3296 1
3297 3
3298 1
3299 1
3300 1
3301 1
3302 1
3303 1
3304 1
3305 1
3306 1
3307 1
3308 3
3309 2
3310 1
3311 1
3312 2
3313 3
3314 1
3315 1
3316 1
3317 2
3318 1
3319 3
3320 1
3321 1
3322 1
3323 1
3324 1
3325 1
3326 2
3327 2
3328 2
3329 2
3330 1
3331 1
3332 3
3333 1
3334 1
3335 1
3336 2
3337 1
3338 1
3339 1
3340 2
3341 1
3342 3
3343 3
3344 1
3345 1
3346 1
3347 1
3348 2
3349 1
3350 2
3351 2
3352 1
3353 1
3354 1
3355 2
3356 1
3357 1
3358 2
3359 1
3360 3
3361 1
3362 3
3363 1
3364 2
3365 1
3366 2
3367 1
3368 2
3369 1
3370 1
3371 1
3372 3
3373 1
3374 1
3375 1
3376 1
3377 2
3378 1
3379 2
3380 1
3381 1
3382 1
3383 1
3384 1
3385 3
3386 1
3387 1
3388 1
3389 3
3390 1
3391 1
3392 1
3393 3
3394 1
3395 1
3396 1
3397 1
3398 2
3399 1
3400 1
3401 2
3402 2
3403 1
3404 1
3405 3
3406 1
3407 1
3408 1
3409 3
3410 2
3411 1
3412 2
3413 1
3414 2
3415 1
3416 1
3417 3
3418 1
3419 2
3420 3
3421 1
3422 3
3423 1
3424 3
3425 1
3426 1
3427 2
3428 3
3429 1
3430 1
3431 2
3432 1
3433 1
3434 1
3435 3
3436 3
3437 3
3438 1
3439 1
3440 1
3441 1
3442 3
3443 2
3444 1
3445 2
3446 1
3447 1
3448 1
3449 2
3450 2
3451 3
3452 1
3453 1
3454 1
3455 1
3456 2
3457 1
3458 3
3459 3
3460 1
3461 1
3462 3
3463 1
3464 2
3465 1
3466 2
3467 1
3468 1
3469 1
3470 1
3471 1
3472 2
3473 1
3474 3
3475 1
3476 1
3477 1
3478 3
3479 1
3480 1
3481 1
3482 2
3483 1
3484 3
3485 1
3486 3
3487 2
3488 3
3489 1
3490 2
3491 3
3492 1
3493 1
3494 1
3495 2
3496 3
3497 2
3498 2
3499 1
3500 1
3501 1
3502 1
3503 2
3504 1
3505 3
3506 3
3507 1
3508 2
3509 1
3510 1
3511 1
3512 1
3513 3
3514 1
3515 2
3516 1
3517 1
3518 1
3519 1
3520 1
3521 2
3522 1
3523 1
3524 1
3525 2
3526 1
3527 1
3528 1
3529 2
3530 3
3531 1
3532 2
3533 1
3534 1
3535 2
3536 1
3537 1
3538 3
3539 1
3540 2
3541 1
3542 2
3543 1
3544 1
3545 1
3546 1
3547 1
3548 1
3549 1
3550 3
3551 1
3552 1
3553 1
3554 3
3555 3
3556 1
3557 1
3558 3
3559 1
3560 1
3561 1
3562 2
3563 1
3564 1
3565 1
3566 2
3567 1
3568 1
3569 3
3570 2
3571 1
3572 2
3573 1
3574 1
3575 2
3576 2
3577 1
3578 1
3579 1
3580 1
3581 1
3582 1
3583 1
3584 1
3585 1
3586 1
3587 3
3588 1
3589 1
3590 1
3591 1
3592 3
3593 1
3594 3
3595 2
3596 1
3597 3
3598 1
3599 1
3600 1
3601 1
3602 1
3603 1
3604 1
3605 3
3606 3
3607 1
3608 1
3609 1
3610 1
3611 1
3612 1
3613 3
3614 1
3615 2
3616 2
3617 1
3618 2
3619 1
3620 2
3621 1
3622 3
3623 1
3624 1
3625 2
3626 1
3627 2
3628 1
3629 1
3630 2
3631 1
3632 1
3633 1
3634 3
3635 1
3636 1
3637 3
3638 1
3639 1
3640 2
3641 2
3642 1
3643 3
3644 1
3645 1
3646 1
3647 3
3648 2
3649 2
3650 1
3651 2
3652 1
3653 2
3654 1
3655 1
3656 1
3657 2
3658 2
3659 1
3660 2
3661 2
3662 1
3663 2
3664 1
3665 2
3666 1
3667 1
3668 1
3669 1
3670 1
3671 2
3672 1
3673 3
3674 3
3675 1
3676 2
3677 2
3678 1
3679 2
3680 1
3681 1
3682 1
3683 1
3684 1
3685 1
3686 1
3687 1
3688 3
3689 1
3690 1
3691 3
3692 2
3693 1
3694 1
3695 1
3696 1
3697 1
3698 1
3699 2
3700 1
3701 1
3702 1
3703 2
3704 2
3705 1
3706 2
3707 1
3708 1
3709 2
3710 1
3711 2
3712 1
3713 1
3714 3
3715 3
3716 1
3717 3
3718 1
3719 1
3720 2
3721 2
3722 1
3723 1
3724 3
3725 1
3726 1
3727 2
3728 1
3729 1
3730 3
3731 2
3732 3
3733 1
3734 1
3735 3
3736 2
3737 1
3738 1
3739 3
3740 1
3741 3
3742 1
3743 1
3744 1
3745 1
3746 1
3747 1
3748 1
3749 1
3750 1
3751 1
3752 1
3753 1
3754 1
3755 1
3756 1
3757 1
3758 3
3759 3
3760 1
3761 2
3762 1
3763 2
3764 1
3765 1
3766 2
3767 1
3768 1
3769 2
3770 1
3771 1
3772 3
3773 1
3774 1
3775 2
3776 2
3777 3
3778 1
3779 1
3780 1
3781 1
3782 1
3783 2
3784 1
3785 1
3786 1
3787 1
3788 1
3789 1
3790 3
3791 2
3792 3
3793 1
3794 1
3795 1
3796 2
3797 2
3798 2
3799 2
3800 3
3801 3
3802 1
3803 2
3804 1
3805 1
3806 1
3807 3
3808 3
3809 1
3810 1
3811 1
3812 1
3813 1
3814 3
3815 3
3816 2
3817 1
3818 1
3819 1
3820 2
3821 1
3822 2
3823 3
3824 1
3825 1
3826 1
3827 1
3828 1
3829 1
3830 3
3831 3
3832 1
3833 2
3834 1
3835 2
3836 1
3837 1
3838 1
3839 1
3840 1
3841 3
3842 3
3843 3
3844 1
3845 1
3846 3
3847 1
3848 1
3849 1
3850 1
3851 2
3852 2
3853 1
3854 1
3855 1
3856 1
3857 2
3858 3
3859 2
3860 1
3861 2
3862 1
3863 2
3864 1
3865 3
3866 1
3867 1
3868 1
3869 1
3870 2
3871 1
3872 1
3873 3
3874 2
3875 1
3876 3
3877 1
3878 1
3879 3
3880 1
3881 3
3882 1
3883 1
3884 1
3885 3
3886 3
3887 1
3888 1
3889 2
3890 3
3891 1
3892 1
3893 1
3894 1
3895 3
3896 1
3897 2
3898 1
3899 2
3900 2
3901 1
3902 1
3903 1
3904 1
3905 1
3906 1
3907 1
3908 1
3909 2
3910 3
3911 3
3912 3
3913 1
3914 1
3915 2
3916 1
3917 2
3918 1
3919 2
3920 1
3921 1
3922 3
3923 1
3924 1
3925 1
3926 3
3927 1
3928 3
3929 1
3930 1
3931 1
3932 1
3933 1
3934 1
3935 1
3936 1
3937 1
3938 1
3939 3
3940 2
3941 2
3942 2
3943 2
3944 2
3945 1
3946 1
3947 2
3948 2
3949 1
3950 3
3951 1
3952 2
3953 1
3954 2
3955 1
3956 1
3957 1
3958 1
3959 2
3960 1
3961 1
3962 1
3963 2
3964 1
3965 2
3966 2
3967 3
3968 3
3969 1
3970 1
3971 3
3972 1
3973 3
3974 2
3975 1
3976 2
3977 1
3978 1
3979 1
3980 1
3981 1
3982 1
3983 1
3984 1
3985 3
3986 1
3987 1
3988 1
3989 1
3990 1
3991 1
3992 1
3993 1
3994 1
3995 1
3996 1
3997 1
3998 1
3999 1
4000 3
4001 1
4002 2
4003 1
4004 2
4005 2
4006 1
4007 2
4008 1
4009 1
4010 1
4011 2
4012 1
4013 1
4014 2
4015 1
4016 1
4017 1
4018 1
4019 1
4020 3
4021 2
4022 1
4023 1
4024 3
4025 1
4026 3
4027 2
4028 1
4029 2
4030 1
4031 1
4032 2
4033 2
4034 1
4035 1
4036 1
4037 1
4038 1
4039 3
4040 2
4041 3
4042 2
4043 1
4044 1
4045 2
4046 3
4047 1
4048 2
4049 1
4050 2
4051 1
4052 1
4053 1
4054 2
4055 1
4056 1
4057 1
4058 1
4059 1
4060 1
4061 2
4062 1
4063 2
4064 1
4065 1
4066 3
4067 1
4068 3
4069 1
4070 1
4071 1
4072 1
4073 1
4074 3
4075 2
4076 1
4077 1
4078 1
4079 3
4080 3
4081 2
4082 2
4083 2
4084 1
4085 1
4086 3
4087 1
4088 3
4089 1
4090 3
4091 3
4092 2
4093 1
4094 1
4095 2
4096 1
4097 3
4098 1
4099 1
4100 1
4101 3
4102 3
4103 1
4104 1
4105 1
4106 1
4107 1
4108 2
4109 1
4110 1
4111 1
4112 1
4113 3
4114 3
4115 1
4116 1
4117 1
4118 1
4119 1
4120 1
4121 1
4122 3
4123 3
4124 1
4125 1
4126 2
4127 2
4128 3
4129 1
4130 1
4131 1
4132 3
4133 1
4134 1
4135 1
4136 1
4137 1
4138 1
4139 1
4140 1
4141 1
4142 1
4143 1
4144 1
4145 1
4146 3
4147 2
4148 1
4149 2
4150 1
4151 1
4152 1
4153 1
4154 1
4155 1
4156 1
4157 2
4158 1
4159 2
4160 1
4161 3
4162 1
4163 3
4164 1
4165 2
4166 3
4167 1
4168 2
4169 2
4170 1
4171 1
4172 1
4173 3
4174 1
4175 1
4176 1
4177 1
4178 1
4179 1
4180 1
4181 1
4182 1
4183 1
4184 2
4185 1
4186 1
4187 3
4188 2
4189 2
4190 1
4191 1
4192 2
4193 2
4194 1
4195 1
4196 3
4197 1
4198 1
4199 3
4200 1
4201 1
4202 1
4203 2
4204 1
4205 1
4206 2
4207 1
4208 1
4209 2
4210 1
4211 1
4212 1
4213 3
4214 1
4215 1
4216 1
4217 1
4218 1
4219 2
4220 2
4221 1
4222 1
4223 3
4224 2
4225 2
4226 1
4227 1
4228 2
4229 1
4230 1
4231 1
4232 1
4233 1
4234 1
4235 1
4236 1
4237 2
4238 3
4239 1
4240 1
4241 1
4242 1
4243 1
4244 1
4245 1
4246 1
4247 1
4248 1
4249 1
4250 1
4251 1
4252 3
4253 2
4254 2
4255 1
4256 2
4257 1
4258 1
4259 1
4260 1
4261 1
4262 1
4263 1
4264 3
4265 1
4266 3
4267 1
4268 2
4269 1
4270 1
4271 2
4272 2
4273 2
4274 1
4275 1
4276 2
4277 3
4278 1
4279 1
4280 1
4281 1
4282 1
4283 3
4284 1
4285 1
4286 1
4287 1
4288 3
4289 1
4290 1
4291 1
4292 2
4293 1
4294 3
4295 1
4296 1
4297 1
4298 1
4299 1
4300 1
4301 1
4302 1
4303 1
4304 1
4305 1
4306 2
4307 1
4308 1
4309 1
4310 1
4311 2
4312 1
4313 1
4314 1
4315 3
4316 3
4317 3
4318 3
4319 3
4320 3
4321 3
4322 1
4323 1
4324 3
4325 1
4326 3
4327 2
4328 1
4329 1
4330 1
4331 1
4332 2
4333 1
4334 1
4335 1
4336 1
4337 1
4338 1
4339 1
4340 1
4341 3
4342 1
4343 1
4344 1
4345 1
4346 2
4347 2
4348 1
4349 1
4350 2
4351 1
4352 2
4353 1
4354 1
4355 2
4356 2
4357 1
4358 3
4359 1
4360 1
4361 3
4362 1
4363 3
4364 1
4365 3
4366 3
4367 1
4368 3
4369 2
4370 1
4371 3
4372 1
4373 3
4374 3
4375 1
4376 1
4377 1
4378 1
4379 1
4380 1
4381 1
4382 2
4383 3
4384 1
4385 3
4386 2
4387 2
4388 2
4389 2
4390 3
4391 1
4392 1
4393 3
4394 1
4395 1
4396 1
4397 1
4398 1
4399 3
4400 2
4401 2
4402 1
4403 1
4404 2
4405 1
4406 1
4407 1
4408 1
4409 1
4410 1
4411 3
4412 1
4413 1
4414 1
4415 1
4416 3
4417 2
4418 1
4419 1
4420 1
4421 1
4422 3
4423 3
4424 2
4425 1
4426 2
4427 1
4428 3
4429 1
4430 1
4431 2
4432 3
4433 1
4434 1
4435 1
4436 1
4437 1
4438 2
4439 1
4440 3
4441 3
4442 3
4443 1
4444 1
4445 1
4446 1
4447 1
4448 2
4449 1
4450 2
4451 3
4452 1
4453 2
4454 2
4455 1
4456 1
4457 1
4458 1
4459 3
4460 2
4461 1
4462 3
4463 2
4464 1
4465 1
4466 3
4467 1
4468 2
4469 1
4470 2
4471 2
4472 1
4473 1
4474 2
4475 1
4476 3
4477 2
4478 1
4479 3
4480 3
4481 1
4482 1
4483 1
4484 3
4485 1
4486 2
4487 3
4488 1
4489 1
4490 3
4491 2
4492 1
4493 1
4494 2
4495 2
4496 1
4497 2
4498 1
4499 3
4500 1
4501 1
4502 1
4503 3
4504 2
4505 1
4506 1
4507 1
4508 2
4509 2
4510 1
4511 1
4512 1
4513 1
4514 1
4515 1
4516 2
4517 1
4518 1
4519 1
4520 1
4521 1
4522 1
4523 1
4524 2
4525 3
4526 1
4527 1
4528 1
4529 1
4530 3
4531 3
4532 3
4533 1
4534 1
4535 3
4536 3
4537 3
4538 1
4539 3
4540 2
4541 1
4542 1
4543 1
4544 1
4545 1
4546 3
4547 2
4548 1
4549 3
4550 3
4551 2
4552 1
4553 3
4554 1
4555 1
4556 1
4557 1
4558 1
4559 3
4560 2
4561 3
4562 1
4563 1
4564 1
4565 1
4566 1
4567 1
4568 3
4569 1
4570 1
4571 1
4572 1
4573 1
4574 1
4575 1
4576 1
4577 1
4578 3
4579 3
4580 1
4581 1
4582 1
4583 1
4584 1
4585 1
4586 1
4587 1
4588 1
4589 2
4590 1
4591 1
4592 1
4593 1
4594 2
4595 1
4596 3
4597 1
4598 2
4599 1
4600 1
4601 1
4602 1
4603 1
4604 1
4605 1
4606 3
4607 2
4608 1
4609 1
4610 3
4611 1
4612 1
4613 1
4614 1
4615 1
4616 1
4617 3
4618 1
4619 1
4620 1
4621 1
4622 1
4623 1
4624 1
4625 2
4626 1
4627 1
4628 1
4629 1
4630 2
4631 1
4632 1
4633 2
4634 1
4635 1
4636 1
4637 1
4638 1
4639 2
4640 1
4641 2
4642 1
4643 3
4644 1
4645 1
4646 1
4647 1
4648 3
4649 1
4650 1
4651 2
4652 1
4653 1
4654 1
4655 2
4656 1
4657 1
4658 3
4659 1
4660 1
4661 1
4662 1
4663 1
4664 1
4665 1
4666 1
4667 1
4668 1
4669 2
4670 1
4671 2
4672 1
4673 1
4674 2
4675 1
4676 1
4677 1
4678 1
4679 2
4680 3
4681 1
4682 3
4683 1
4684 1
4685 1
4686 2
4687 1
4688 1
4689 1
4690 1
4691 1
4692 1
4693 3
4694 1
4695 1
4696 3
4697 1
4698 2
4699 3
4700 1
4701 3
4702 1
4703 3
4704 1
4705 3
4706 1
4707 1
4708 1
4709 1
4710 2
4711 1
4712 1
4713 3
4714 1
4715 1
4716 3
4717 1
4718 1
4719 1
4720 2
4721 2
4722 1
4723 1
4724 1
4725 1
4726 1
4727 1
4728 1
4729 1
4730 2
4731 1
4732 1
4733 1
4734 1
4735 1
4736 1
4737 1
4738 2
4739 1
4740 1
4741 1
4742 1
4743 2
4744 1
4745 1
4746 2
4747 1
4748 1
4749 3
4750 2
4751 1
4752 2
4753 1
4754 3
4755 1
4756 3
4757 2
4758 1
4759 1
4760 1
4761 3
4762 2
4763 1
4764 1
4765 2
4766 1
4767 2
4768 1
4769 1
4770 1
4771 1
4772 1
4773 1
4774 1
4775 1
4776 3
4777 1
4778 1
4779 1
4780 1
4781 3
4782 2
4783 3
4784 2
4785 1
4786 2
4787 1
4788 2
4789 1
4790 3
4791 1
4792 1
4793 2
4794 1
4795 1
4796 3
4797 1
4798 1
4799 1
4800 1
4801 2
4802 1
4803 1
4804 1
4805 1
4806 1
4807 1
4808 3
4809 1
4810 1
4811 1
4812 1
4813 3
4814 3
4815 1
4816 2
4817 1
4818 1
4819 1
4820 3
4821 1
4822 2
4823 1
4824 1
4825 2
4826 3
4827 2
4828 1
4829 1
4830 1
4831 3
4832 1
4833 1
4834 3
4835 1
4836 1
4837 1
4838 2
4839 1
4840 2
4841 1
4842 2
4843 2
4844 1
4845 1
4846 1
4847 1
4848 3
4849 2
4850 1
4851 2
4852 1
4853 1
4854 3
4855 1
4856 2
4857 1
4858 1
4859 1
4860 1
4861 2
4862 3
4863 1
4864 3
4865 3
4866 1
4867 1
4868 3
4869 1
4870 1
4871 3
4872 2
4873 3
4874 2
4875 1
4876 2
4877 1
4878 3
4879 3
4880 3
4881 1
4882 2
4883 1
4884 3
4885 1
4886 3
4887 2
4888 3
4889 1
4890 1
4891 3
4892 1
4893 1
4894 2
4895 2
4896 1
4897 2
4898 3
4899 2
4900 1
4901 2
4902 3
4903 1
4904 1
4905 3
4906 2
4907 1
4908 1
4909 1
4910 1
4911 1
4912 1
4913 2
4914 1
4915 1
4916 1
4917 3
4918 2
4919 1
4920 1
4921 1
4922 3
4923 1
4924 2
4925 1
4926 1
4927 1
4928 2
4929 1
4930 1
4931 1
4932 3
4933 1
4934 2
4935 1
4936 1
4937 1
4938 2
4939 1
4940 2
4941 1
4942 1
4943 2
4944 1
4945 1
4946 1
4947 1
4948 3
4949 1
4950 1
4951 1
4952 1
4953 1
4954 1
4955 1
4956 1
4957 1
4958 1
4959 3
4960 1
4961 1
4962 3
4963 2
4964 1
4965 1
4966 1
4967 2
4968 1
4969 1
4970 1
4971 1
4972 1
4973 2
4974 1
4975 1
4976 2
4977 1
4978 2
4979 1
4980 1
4981 1
4982 1
4983 1
4984 2
4985 3
4986 1
4987 1
4988 1
4989 2
4990 2
4991 1
4992 1
4993 3
4994 1
4995 1
4996 1
4997 1
4998 1
4999 3
5000 2
5001 2
5002 1
5003 1
5004 3
5005 1
5006 1
5007 1
5008 2
5009 2
5010 1
5011 3
5012 1
5013 1
5014 1
5015 1
5016 1
5017 1
5018 1
5019 1
5020 2
5021 1
5022 1
5023 2
5024 1
5025 1
5026 2
5027 1
5028 1
5029 1
5030 2
5031 1
5032 1
5033 2
5034 1
5035 3
5036 1
5037 1
5038 1
5039 3
5040 2
5041 2
5042 1
5043 2
5044 1
5045 1
5046 3
5047 2
5048 3
5049 1
5050 1
5051 1
5052 1
5053 1
5054 3
5055 1
5056 1
5057 1
5058 3
5059 2
5060 1
5061 3
5062 1
5063 1
5064 1
5065 1
5066 1
5067 1
5068 3
5069 1
5070 1
5071 1
5072 1
5073 1
5074 1
5075 2
5076 1
5077 2
5078 1
5079 3
5080 1
5081 1
5082 1
5083 1
5084 2
5085 3
5086 1
5087 2
5088 2
5089 1
5090 1
5091 1
5092 1
5093 2
5094 1
5095 1
5096 1
5097 3
5098 2
5099 1
5100 1
5101 1
5102 1
5103 1
5104 1
5105 1
5106 2
5107 1
5108 1
5109 1
5110 2
5111 1
5112 1
5113 2
5114 1
5115 1
5116 1
5117 2
5118 1
5119 3
5120 2
5121 1
5122 1
5123 1
5124 1
5125 1
5126 1
5127 2
5128 1
5129 2
5130 1
5131 1
5132 2
5133 1
5134 3
5135 1
5136 1
5137 1
5138 2
5139 1
5140 1
5141 1
5142 3
5143 2
5144 1
5145 2
5146 3
5147 1
5148 2
5149 1
5150 2
5151 1
5152 3
5153 1
5154 2
5155 1
5156 2
5157 3
5158 3
5159 1
5160 1
5161 1
5162 1
5163 2
5164 2
5165 1
5166 1
5167 2
5168 3
5169 3
5170 1
5171 2
5172 1
5173 1
5174 2
5175 2
5176 1
5177 1
5178 2
5179 1
5180 1
5181 2
5182 1
5183 1
5184 1
5185 2
5186 3
5187 1
5188 1
5189 2
5190 1
5191 2
5192 1
5193 1
5194 2
5195 3
5196 2
5197 3
5198 1
5199 1
5200 1
5201 1
5202 1
5203 1
5204 2
5205 1
5206 1
5207 1
5208 1
5209 1
5210 2
5211 2
5212 1
5213 1
5214 1
5215 3
5216 1
5217 1
5218 3
5219 1
5220 3
5221 1
5222 1
5223 1
5224 2
5225 1
5226 1
5227 1
5228 1
5229 1
5230 1
5231 2
5232 3
5233 1
5234 1
5235 2
5236 2
5237 3
5238 1
5239 2
5240 3
5241 1
5242 3
5243 2
5244 3
5245 1
5246 1
5247 1
5248 1
5249 2
5250 3
5251 1
5252 1
5253 1
5254 3
5255 1
5256 3
5257 2
5258 1
5259 1
5260 2
5261 1
5262 3
5263 1
5264 1
5265 1
5266 1
5267 3
5268 1
5269 1
5270 1
5271 1
5272 1
5273 1
5274 1
5275 1
5276 2
5277 2
5278 2
5279 1
5280 1
5281 3
5282 3
5283 1
5284 1
5285 1
5286 1
5287 1
5288 2
5289 3
5290 1
5291 1
5292 1
5293 1
5294 1
5295 3
5296 1
5297 1
5298 1
5299 1
5300 2
5301 1
5302 1
5303 1
5304 1
5305 1
5306 1
5307 1
5308 1
5309 1
5310 1
5311 3
5312 1
5313 1
5314 1
5315 1
5316 1
5317 1
5318 3
5319 3
5320 1
5321 2
5322 1
5323 1
5324 1
5325 1
5326 1
5327 3
5328 3
5329 1
5330 1
5331 3
5332 2
5333 1
5334 1
5335 1
5336 2
5337 1
5338 2
5339 3
5340 1
5341 2
5342 2
5343 3
5344 3
5345 1
5346 1
5347 1
5348 1
5349 1
5350 1
5351 1
5352 1
5353 1
5354 3
5355 1
5356 2
5357 1
5358 1
5359 1
5360 1
5361 1
5362 1
5363 1
5364 1
5365 1
5366 1
5367 2
5368 3
5369 2
5370 1
5371 1
5372 1
5373 1
5374 1
5375 1
5376 3
5377 2
5378 1
5379 1
5380 2
5381 2
5382 1
5383 2
5384 1
5385 2
5386 1
5387 1
5388 1
5389 1
5390 3
5391 1
5392 1
5393 1
5394 1
5395 3
5396 1
5397 1
5398 1
5399 1
5400 3
5401 2
5402 1
5403 1
5404 1
5405 1
5406 1
5407 1
5408 1
5409 1
5410 2
5411 1
5412 1
5413 1
5414 1
5415 1
5416 1
5417 1
5418 2
5419 1
5420 2
5421 1
5422 2
5423 3
5424 3
5425 1
5426 1
5427 3
5428 1
5429 2
5430 1
5431 1
5432 3
5433 1
5434 1
5435 1
5436 1
5437 1
5438 2
5439 1
5440 3
5441 1
5442 3
5443 2
5444 1
5445 2
5446 1
5447 1
5448 1
5449 1
5450 1
5451 1
5452 3
5453 3
5454 1
5455 3
5456 1
5457 1
5458 1
5459 1
5460 1
5461 3
5462 2
5463 1
5464 1
5465 1
5466 2
5467 1
5468 1
5469 3
5470 2
5471 3
5472 1
5473 1
5474 2
5475 1
5476 2
5477 2
5478 1
5479 2
5480 1
5481 1
5482 1
5483 1
5484 1
5485 2
5486 3
5487 1
5488 2
5489 3
5490 1
5491 1
5492 1
5493 2
5494 1
5495 2
5496 1
5497 2
5498 1
5499 1
5500 1
5501 1
5502 1
5503 1
5504 1
5505 2
5506 2
5507 1
5508 1
5509 1
5510 1
5511 3
5512 1
5513 1
5514 1
5515 3
5516 1
5517 2
5518 2
5519 1
5520 1
5521 1
5522 1
5523 1
5524 1
5525 1
5526 1
5527 1
5528 1
5529 1
5530 3
5531 2
5532 1
5533 3
5534 2
5535 2
5536 3
5537 1
5538 2
5539 1
5540 1
5541 1
5542 1
5543 1
5544 1
5545 2
5546 3
5547 1
5548 1
5549 1
5550 3
5551 1
5552 1
5553 1
5554 3
5555 1
5556 2
5557 2
5558 1
5559 1
5560 1
5561 3
5562 1
5563 1
5564 1
5565 1
5566 3
5567 1
5568 1
5569 1
5570 1
5571 1
5572 1
5573 1
5574 1
5575 1
5576 1
5577 3
5578 1
5579 3
5580 1
5581 3
5582 2
5583 1
5584 1
5585 1
5586 3
5587 1
5588 3
5589 2
5590 1
5591 1
5592 1
5593 1
5594 1
5595 1
5596 3
5597 1
5598 1
5599 3
5600 2
5601 1
5602 1
5603 2
5604 1
5605 1
5606 1
5607 3
5608 1
5609 1
5610 1
5611 1
5612 1
5613 2
5614 1
5615 1
5616 1
5617 2
5618 3
5619 3
5620 1
5621 1
5622 1
5623 2
5624 1
5625 2
5626 1
5627 1
5628 1
5629 1
5630 3
5631 2
5632 2
5633 1
5634 1
5635 1
5636 1
5637 3
5638 1
5639 2
5640 1
5641 1
5642 1
5643 1
5644 2
5645 2
5646 2
5647 1
5648 2
5649 3
5650 3
5651 2
5652 3
5653 1
5654 3
5655 1
5656 1
5657 2
5658 1
5659 1
5660 1
5661 1
5662 1
5663 1
5664 3
5665 2
5666 1
5667 1
5668 1
5669 1
5670 3
5671 1
5672 1
5673 2
5674 3
5675 1
5676 1
5677 3
5678 2
5679 1
5680 2
5681 1
5682 2
5683 2
5684 1
5685 1
5686 2
5687 3
5688 1
5689 1
5690 1
5691 1
5692 3
5693 1
5694 1
5695 2
5696 3
5697 2
5698 3
5699 3
5700 1
5701 2
5702 1
5703 1
5704 1
5705 1
5706 1
5707 1
5708 1
5709 1
5710 1
5711 1
5712 1
5713 1
5714 1
5715 1
5716 1
5717 1
5718 1
5719 1
5720 3
5721 2
5722 1
5723 1
5724 3
5725 2
5726 2
5727 1
5728 1
5729 2
5730 2
5731 1
5732 1
5733 1
5734 1
5735 2
5736 1
5737 2
5738 1
5739 1
5740 3
5741 1
5742 3
5743 3
5744 1
5745 1
5746 1
5747 2
5748 3
5749 3
5750 1
5751 3
5752 1
5753 1
5754 1
5755 1
5756 1
5757 1
5758 1
5759 2
5760 2
5761 1
5762 1
5763 2
5764 2
5765 1
5766 1
5767 1
5768 1
5769 1
5770 3
5771 2
5772 1
5773 1
5774 2
5775 1
5776 1
5777 1
5778 1
5779 1
5780 2
5781 1
5782 2
5783 2
5784 1
5785 1
5786 2
5787 1
5788 1
5789 1
5790 1
5791 3
5792 1
5793 2
5794 1
5795 1
5796 1
5797 3
5798 2
5799 1
5800 1
5801 1
5802 1
5803 2
5804 1
5805 1
5806 2
5807 1
5808 1
5809 3
5810 3
5811 1
5812 1
5813 3
5814 1
5815 2
5816 1
5817 3
5818 1
5819 1
5820 2
5821 1
5822 3
5823 1
5824 1
5825 1
5826 1
5827 1
5828 2
5829 2
5830 3
5831 1
5832 1
5833 1
5834 1
5835 2
5836 3
5837 2
5838 1
5839 1
5840 2
5841 2
5842 1
5843 1
5844 1
5845 1
5846 1
5847 1
5848 3
5849 1
5850 1
5851 3
5852 1
5853 3
5854 3
5855 1
5856 3
5857 1
5858 1
5859 2
5860 2
5861 1
5862 1
5863 3
5864 1
5865 1
5866 2
5867 1
5868 1
5869 2
5870 1
5871 1
5872 1
5873 1
5874 3
5875 1
5876 1
5877 1
5878 1
5879 1
5880 1
5881 1
5882 2
5883 2
5884 1
5885 3
5886 1
5887 1
5888 1
5889 1
5890 1
5891 1
5892 1
5893 2
5894 2
5895 2
5896 3
5897 1
5898 2
5899 1
5900 1
5901 2
5902 3
5903 1
5904 1
5905 1
5906 3
5907 1
5908 3
5909 2
5910 1
5911 1
5912 1
5913 1
5914 2
5915 1
5916 1
5917 1
5918 1
5919 1
5920 1
5921 3
5922 1
5923 3
5924 1
5925 1
5926 1
5927 1
5928 3
5929 1
5930 3
5931 3
5932 1
5933 3
5934 2
5935 1
5936 1
5937 1
5938 2
5939 1
5940 1
5941 1
5942 1
5943 3
5944 1
5945 1
5946 1
5947 1
5948 1
5949 2
5950 2
5951 1
5952 1
5953 1
5954 3
5955 1
5956 1
5957 1
5958 1
5959 2
5960 2
5961 1
5962 1
5963 1
5964 1
5965 2
5966 1
5967 1
5968 1
5969 1
5970 1
5971 1
5972 2
5973 2
5974 1
5975 1
5976 1
5977 1
5978 1
5979 3
5980 1
5981 2
5982 2
5983 1
5984 1
5985 3
5986 1
5987 1
5988 3
5989 3
5990 1
5991 3
5992 1
5993 2
5994 1
5995 1
5996 3
5997 1
5998 1
5999 1
6000 1
6001 1
6002 1
6003 2
6004 1
6005 2
6006 1
6007 1
6008 2
6009 1
6010 1
6011 3
6012 1
6013 1
6014 3
6015 1
6016 1
6017 1
6018 3
6019 2
6020 1
6021 1
6022 3
6023 1
6024 3
6025 1
6026 2
6027 3
6028 1
6029 3
6030 2
6031 1
6032 1
6033 1
6034 2
6035 1
6036 3
6037 3
6038 1
6039 1
6040 1
6041 1
6042 1
6043 1
6044 1
6045 2
6046 1
6047 1
6048 1
6049 2
6050 1
6051 1
6052 1
6053 2
6054 3
6055 1
6056 2
6057 1
6058 1
6059 3
6060 1
6061 1
6062 1
6063 2
6064 1
6065 1
6066 3
6067 1
6068 1
6069 1
6070 2
6071 1
6072 1
6073 3
6074 1
6075 1
6076 1
6077 1
6078 1
6079 1
6080 1
6081 1
6082 1
6083 1
6084 2
6085 3
6086 1
6087 1
6088 1
6089 1
6090 1
6091 1
6092 1
6093 2
6094 1
6095 1
6096 2
6097 1
6098 1
6099 1
6100 1
6101 1
6102 1
6103 1
6104 3
6105 1
6106 3
6107 1
6108 3
6109 3
6110 1
6111 1
6112 1
6113 2
6114 1
6115 1
6116 1
6117 3
6118 1
6119 1
6120 1
6121 1
6122 1
6123 1
6124 3
6125 2
6126 1
6127 2
6128 1
6129 2
6130 1
6131 1
6132 1
6133 1
6134 2
6135 2
6136 1
6137 3
6138 3
6139 1
6140 1
6141 1
6142 2
6143 1
6144 1
6145 1
6146 1
6147 1
6148 2
6149 1
6150 1
6151 3
6152 2
6153 1
6154 1
6155 1
6156 1
6157 3
6158 1
6159 3
6160 1
6161 1
6162 1
6163 1
6164 1
6165 2
6166 1
6167 1
6168 1
6169 1
6170 2
6171 2
6172 2
6173 1
6174 2
6175 2
6176 1
6177 2
6178 1
6179 3
6180 1
6181 2
6182 3
6183 1
6184 2
6185 1
6186 1
6187 1
6188 2
6189 3
6190 1
6191 2
6192 1
6193 3
6194 3
6195 1
6196 1
6197 1
6198 1
6199 2
6200 3
6201 1
6202 3
6203 3
6204 2
6205 1
6206 1
6207 1
6208 1
6209 1
6210 1
6211 1
6212 2
6213 2
6214 3
6215 1
6216 1
6217 1
6218 1
6219 2
6220 1
6221 3
6222 1
6223 2
6224 1
6225 1
6226 1
6227 2
6228 3
6229 2
6230 1
6231 2
6232 1
6233 2
6234 1
6235 1
6236 1
6237 1
6238 1
6239 1
6240 1
6241 1
6242 2
6243 2
6244 1
6245 1
6246 1
6247 2
6248 1
6249 3
6250 3
6251 1
6252 2
6253 1
6254 1
6255 2
6256 1
6257 1
6258 1
6259 1
6260 1
6261 1
6262 2
6263 3
6264 1
6265 1
6266 1
6267 1
6268 1
6269 1
6270 1
6271 1
6272 1
6273 3
6274 1
6275 3
6276 1
6277 1
6278 2
6279 1
6280 1
6281 2
6282 1
6283 2
6284 1
6285 1
6286 1
6287 1
6288 2
6289 1
6290 1
6291 2
6292 1
6293 1
6294 1
6295 1
6296 1
6297 3
6298 1
6299 1
6300 1
6301 1
6302 3
6303 1
6304 1
6305 1
6306 2
6307 1
6308 1
6309 3
6310 1
6311 2
6312 2
6313 1
6314 1
6315 1
6316 1
6317 1
6318 1
6319 1
6320 1
6321 1
6322 2
6323 1
6324 2
6325 2
6326 1
6327 1
6328 3
6329 3
6330 2
6331 1
6332 1
6333 1
6334 1
6335 2
6336 1
6337 1
6338 1
6339 3
6340 3
6341 2
6342 2
6343 3
6344 1
6345 1
6346 1
6347 3
6348 3
6349 1
6350 2
6351 1
6352 1
6353 1
6354 1
6355 1
6356 3
6357 3
6358 1
6359 1
6360 3
6361 1
6362 2
6363 2
6364 1
6365 3
6366 3
6367 1
6368 1
6369 1
6370 2
6371 2
6372 1
6373 1
6374 1
6375 1
6376 1
6377 1
6378 2
6379 1
6380 3
6381 1
6382 1
6383 1
6384 1
6385 3
6386 1
6387 1
6388 3
6389 1
6390 3
6391 2
6392 1
6393 1
6394 1
6395 3
6396 1
6397 2
6398 1
6399 3
6400 2
6401 1
6402 1
6403 2
6404 2
6405 3
6406 1
6407 1
6408 1
6409 1
6410 1
6411 1
6412 1
6413 1
6414 1
6415 1
6416 2
6417 1
6418 3
6419 3
6420 2
6421 1
6422 1
6423 2
6424 1
6425 2
6426 1
6427 2
6428 1
6429 1
6430 1
6431 1
6432 3
6433 1
6434 1
6435 1
6436 1
6437 3
6438 1
6439 1
6440 1
6441 3
6442 1
6443 1
6444 3
6445 1
6446 3
6447 2
6448 1
6449 3
6450 1
6451 2
6452 3
6453 1
6454 2
6455 1
6456 2
6457 1
6458 2
6459 1
6460 1
6461 1
6462 1
6463 1
6464 1
6465 1
6466 1
6467 2
6468 1
6469 1
6470 1
6471 1
6472 1
6473 1
6474 1
6475 3
6476 3
6477 1
6478 2
6479 2
6480 1
6481 1
6482 1
6483 1
6484 2
6485 2
6486 3
6487 1
6488 3
6489 2
6490 1
6491 1
6492 1
6493 3
6494 2
6495 2
6496 1
6497 2
6498 3
6499 1
6500 1
6501 1
6502 3
6503 3
6504 1
6505 1
6506 3
6507 1
6508 3
6509 2
6510 1
6511 1
6512 3
6513 3
6514 1
6515 1
6516 1
6517 1
6518 1
6519 3
6520 1
6521 1
6522 1
6523 2
6524 1
6525 3
6526 1
6527 1
6528 3
6529 2
6530 1
6531 1
6532 1
6533 2
6534 1
6535 1
6536 1
6537 1
6538 1
6539 1
6540 3
6541 2
6542 1
6543 2
6544 1
6545 2
6546 1
6547 1
6548 1
6549 3
6550 1
6551 3
6552 2
6553 1
6554 1
6555 1
6556 3
6557 2
6558 1
6559 2
6560 2
6561 1
6562 1
6563 2
6564 1
6565 2
6566 1
6567 2
6568 1
6569 2
6570 1
6571 1
6572 1
6573 2
6574 1
6575 2
6576 1
6577 1
6578 1
6579 2
6580 1
6581 3
6582 1
6583 2
6584 1
6585 2
6586 3
6587 2
6588 1
6589 2
6590 1
6591 1
6592 1
6593 1
6594 1
6595 1
6596 3
6597 1
6598 1
6599 1
6600 3
6601 1
6602 1
6603 1
6604 1
6605 2
6606 3
6607 2
6608 1
6609 1
6610 2
6611 1
6612 1
6613 1
6614 1
6615 1
6616 1
6617 1
6618 1
6619 1
6620 1
6621 3
6622 1
6623 1
6624 3
6625 2
6626 1
6627 3
6628 3
6629 1
6630 1
6631 3
6632 2
6633 1
6634 1
6635 1
6636 1
6637 1
6638 2
6639 1
6640 1
6641 1
6642 1
6643 1
6644 1
6645 2
6646 1
6647 3
6648 1
6649 1
6650 1
6651 1
6652 2
6653 3
6654 2
6655 1
6656 1
6657 2
6658 1
6659 2
6660 1
6661 1
6662 1
6663 3
6664 3
6665 1
6666 3
6667 1
6668 1
6669 3
6670 3
6671 1
6672 2
6673 2
6674 1
6675 2
6676 3
6677 1
6678 1
6679 1
6680 1
6681 1
6682 2
6683 2
6684 1
6685 1
6686 1
6687 1
6688 1
6689 1
6690 2
6691 1
6692 3
6693 2
6694 1
6695 3
6696 1
6697 1
6698 1
6699 1
6700 3
6701 1
6702 1
6703 1
6704 1
6705 1
6706 1
6707 2
6708 3
6709 3
6710 1
6711 1
6712 1
6713 1
6714 3
6715 2
6716 1
6717 1
6718 1
6719 1
6720 2
6721 1
6722 2
6723 1
6724 1
6725 1
6726 1
6727 1
6728 1
6729 1
6730 3
6731 1
6732 3
6733 1
6734 1
6735 3
6736 3
6737 1
6738 2
6739 3
6740 2
6741 2
6742 3
6743 1
6744 1
6745 1
6746 1
6747 2
6748 3
6749 1
6750 1
6751 3
6752 1
6753 1
6754 3
6755 3
6756 1
6757 2
6758 1
6759 1
6760 1
6761 1
6762 1
6763 2
6764 2
6765 1
6766 1
6767 2
6768 1
6769 1
6770 1
6771 1
6772 2
6773 1
6774 3
6775 1
6776 2
6777 3
6778 1
6779 1
6780 1
6781 1
6782 2
6783 2
6784 3
6785 1
6786 1
6787 2
6788 3
6789 1
6790 3
6791 1
6792 1
6793 1
6794 3
6795 1
6796 3
6797 1
6798 1
6799 1
6800 2
6801 2
6802 3
6803 1
6804 1
6805 1
6806 3
6807 1
6808 1
6809 3
6810 1
6811 2
6812 1
6813 1
6814 1
6815 1
6816 1
6817 1
6818 1
6819 1
6820 2
6821 1
6822 1
6823 3
6824 3
6825 1
6826 2
6827 3
6828 3
6829 3
6830 1
6831 1
6832 1
6833 1
6834 2
6835 2
6836 1
6837 1
6838 1
6839 1
6840 1
6841 1
6842 1
6843 2
6844 1
6845 1
6846 1
6847 1
6848 1
6849 1
6850 2
6851 2
6852 2
6853 1
6854 2
6855 3
6856 1
6857 1
6858 1
6859 1
6860 3
6861 1
6862 1
6863 1
6864 1
6865 1
6866 1
6867 1
6868 2
6869 2
6870 1
6871 1
6872 3
6873 3
6874 1
6875 1
6876 1
6877 1
6878 2
6879 3
6880 1
6881 1
6882 1
6883 1
6884 1
6885 3
6886 1
6887 1
6888 2
6889 1
6890 1
6891 1
6892 1
6893 1
6894 1
6895 1
6896 1
6897 2
6898 2
6899 1
6900 1
6901 1
6902 2
6903 1
6904 1
6905 2
6906 2
6907 1
6908 1
6909 3
6910 1
6911 1
6912 1
6913 1
6914 1
6915 2
6916 1
6917 1
6918 1
6919 1
6920 2
6921 3
6922 3
6923 3
6924 1
6925 1
6926 2
6927 1
6928 2
6929 2
6930 1
6931 1
6932 2
6933 3
6934 2
6935 1
6936 3
6937 2
6938 1
6939 3
6940 1
6941 1
6942 1
6943 1
6944 1
6945 1
6946 1
6947 1
6948 1
6949 1
6950 1
6951 1
6952 1
6953 2
6954 1
6955 1
6956 1
6957 1
6958 2
6959 1
6960 2
6961 1
6962 1
6963 1
6964 2
6965 1
6966 1
6967 3
6968 1
6969 1
6970 1
6971 2
6972 2
6973 1
6974 1
6975 2
6976 1
6977 1
6978 1
6979 1
6980 1
6981 1
6982 1
6983 1
6984 1
6985 2
6986 1
6987 1
6988 3
6989 1
6990 1
6991 2
6992 2
6993 2
6994 1
6995 1
6996 3
6997 1
6998 1
6999 1
7000 1
7001 3
7002 1
7003 2
7004 1
7005 1
7006 1
7007 2
7008 1
7009 2
7010 2
7011 3
7012 2
7013 3
7014 1
7015 1
7016 1
7017 3
7018 1
7019 2
7020 1
7021 3
7022 1
7023 1
7024 1
7025 3
7026 2
7027 2
7028 2
7029 1
7030 1
7031 2
7032 3
7033 1
7034 1
7035 3
7036 1
7037 1
7038 2
7039 1
7040 1
7041 2
7042 1
7043 1
7044 1
7045 1
7046 2
7047 2
7048 1
7049 1
7050 3
7051 3
7052 1
7053 1
7054 1
7055 2
7056 1
7057 3
7058 1
7059 2
7060 3
7061 3
7062 1
7063 3
7064 1
7065 2
7066 1
7067 3
7068 1
7069 1
7070 1
7071 1
7072 1
7073 1
7074 3
7075 1
7076 3
7077 3
7078 1
7079 2
7080 1
7081 3
7082 1
7083 2
7084 1
7085 1
7086 3
7087 2
7088 3
7089 1
7090 1
7091 1
7092 2
7093 1
7094 2
7095 2
7096 1
7097 1
7098 1
7099 1
7100 1
7101 1
7102 1
7103 3
7104 1
7105 2
7106 1
7107 1
7108 2
7109 1
7110 1
7111 2
7112 3
7113 1
7114 1
